2018

一月
Mon Tue Wed Thu Fri Sat Sun 
 1   2   3   4   5   6   7   
8   9   10  11  12  13  14  
15  16  17  18  19  20  21  
22  23  24  25  26  27  28  
29  30  31  
二月
Mon Tue Wed Thu Fri Sat Sun 
             1   2   3   4   
5   6   7   8   9   10  11  
12  13  14  15  16  17  18  
19  20  21  22  23  24  25  
26  27  28  
三月
Mon Tue Wed Thu Fri Sat Sun 
             1   2   3   4   
5   6   7   8   9   10  11  
12  13  14  15  16  17  18  
19  20  21  22  23  24  25  
26  27  28  29  30  31  
四月
Mon Tue Wed Thu Fri Sat Sun 
                         1   
2   3   4   5   6   7   8   
9   10  11  12  13  14  15  
16  17  18  19  20  21  22  
23  24  25  26  27  28  29  
30  
五月
Mon Tue Wed Thu Fri Sat Sun 
     1   2   3   4   5   6   
7   8   9   10  11  12  13  
14  15  16  17  18  19  20  
21  22  23  24  25  26  27  
28  29  30  31  
六月
Mon Tue Wed Thu Fri Sat Sun 
                 1   2   3   
4   5   6   7   8   9   10  
11  12  13  14  15  16  17  
18  19  20  21  22  23  24  
25  26  27  28  29  30  
七月
Mon Tue Wed Thu Fri Sat Sun 
                         1   
2   3   4   5   6   7   8   
9   10  11  12  13  14  15  
16  17  18  19  20  21  22  
23  24  25  26  27  28  29  
30  31  
八月
Mon Tue Wed Thu Fri Sat Sun 
         1   2   3   4   5   
6   7   8   9   10  11  12  
13  14  15  16  17  18  19  
20  21  22  23  24  25  26  
27  28  29  30  31  
九月
Mon Tue Wed Thu Fri Sat Sun 
                     1   2   
3   4   5   6   7   8   9   
10  11  12  13  14  15  16  
17  18  19  20  21  22  23  
24  25  26  27  28  29  30  

十月
Mon Tue Wed Thu Fri Sat Sun 
 1   2   3   4   5   6   7   
8   9   10  11  12  13  14  
15  16  17  18  19  20  21  
22  23  24  25  26  27  28  
29  30  31  
十一月
Mon Tue Wed Thu Fri Sat Sun 
             1   2   3   4   
5   6   7   8   9   10  11  
12  13  14  15  16  17  18  
19  20  21  22  23  24  25  
26  27  28  29  30  
十二月
Mon Tue Wed Thu Fri Sat Sun 
                     1   2   
3   4   5   6   7   8   9   
10  11  12  13  14  15  16  
17  18  19  20  21  22  23  
24  25  26  27  28  29  30  
31  
