16 冯晓宇 男 98 106 105 103.00
13 付子晴 男 109 88 114 103.67
07 徐子茹 女 108 91 113 104.00
17 宋宜荻 女 114 100 98 104.00
20 王晓 女 108 96 114 106.00
08 王泽民 男 107 108 104 106.33
14 赵文睿 男 108 100 112 106.67
11 王文祺 男 108 104 110 107.33
15 刘絮 男 102 105 116 107.67
18 徐文超 男 105 110 110 108.33
10 周楚 男 114 101 113 109.33
03 马晓璇 女 112 109 111 110.67
12 张子豪 男 113 104 116 111.00
04 徐英杰 男 109 116 111 112.00
06 赵婧含 女 109 112 115 112.00
01 蒲玮玮 男 104 114 120 112.67
02 胥鹏宇 男 108 113 117 112.67
05 李国英 女 108 116 117 113.67
19 王梦莹 女 114 110 117 113.67
09 撒非常 男 123 123 124 123.33
